# oST version 5.0 parameters


[image]

width
640

height
480

[narrow_stereo]

camera matrix
635.837484 0.000000 323.067935
0.000000 635.561992 241.567771
0.000000 0.000000 1.000000

distortion
0.021864 -0.104992 0.001772 -0.000356 0.000000

rectification
1.000000 0.000000 0.000000
0.000000 1.000000 0.000000
0.000000 0.000000 1.000000

projection
634.109375 0.000000 322.438860 0.000000
0.000000 634.846130 241.550507 0.000000
0.000000 0.000000 1.000000 0.000000

